1 0
2 1
3 1
4 2
4 3
5 4
6 2
6 5
7 5
8 6
9 7
9 8
10 7
11 10
12 11
13 10
13 12
14 9
14 13
15 12
16 14
16 15
17 16
18 17
19 17
20 15
20 19
21 15
22 10
22 11
23 22
24 21
25 23
25 24
26 20
26 21
26 24
27 23
28 25
29 28
30 26
30 29
31 19
31 30
32 18
33 18
34 27
35 34
36 35
37 36
38 37
39 35
39 38
40 39
41 38
41 39
43 37
43 41
44 42
44 43
45 41
46 44
47 46
48 46
49 48
50 40
50 49
51 40
51 50
52 49
52 51
53 52
54 34
54 53
55 27
55 28
55 54
56 54
58 53
59 57
59 58
60 19
61 60
62 17
62 32
62 60
63 61
63 62
64 48
66 64
66 65
67 64
68 58
68 67
69 66
69 67
70 69
71 68
71 69
72 71
73 72
74 29
74 55
74 59
75 74
76 72
76 75
77 76
78 77
79 74
79 75
79 76
79 78
80 31
80 60
80 79
81 80
82 61
82 81
83 81
84 82
84 83
85 63
86 85
87 63
88 87
89 85
89 88
90 86
92 84
92 86
92 91
93 91
93 92
94 93
95 94
96 83
96 95
97 78
98 97
99 73
99 77
100 98
100 99
101 100
102 98
102 101
103 101
103 102
104 95
104 98
104 102
106 105
107 97
107 106
108 104
108 107
109 95
109 106
110 70
110 72
111 73
111 110
112 103
112 111
113 78
113 81
113 96
114 112
115 112
115 114
116 115
117 103
118 103
118 114
118 117
119 118
120 108
120 117
121 120
122 121
123 108
124 123
125 93
125 94
125 124
126 125
127 126
128 90
128 91
128 127
129 127
130 90
130 129
131 89
131 130
132 131
133 131
134 130
134 133
135 133
135 134
136 131
137 129
137 134
138 126
138 137
139 126
139 138
140 139
141 139
142 141
143 142
143 143
144 143
145 142
145 143
145 144
146 141
146 145
147 146
148 124
148 147
149 147
149 148
150 148
150 150
151 123
151 150
152 151
153 122
153 151
153 152
154 122
154 152
155 154
156 152
156 155
157 149
157 150
157 156
158 119
158 121
159 158
160 154
160 159
161 119
162 114
162 116
162 161
163 110
163 115
164 70
164 163
165 164
166 165
167 165
168 167
169 167
170 169
171 168
171 169
172 164
172 168
173 168
174 170
174 171
175 174
176 171
176 175
177 175
177 176
178 176
179 177
181 178
181 179
182 181
183 179
183 181
184 180
184 183
185 182
186 185
187 184
188 182
188 183
188 186
188 187
189 171
189 177
189 179
190 173
190 189
191 190
192 189
192 190
193 192
194 191
194 193
195 187
195 194
196 173
197 190
197 191
198 173
198 196
198 197
199 173
199 198
200 172
201 199
201 200
202 163
202 200
203 201
205 204
206 205
207 206
208 207
209 207
210 207
212 205
212 206
212 211
213 212
214 213
215 213
216 215
217 211
217 215
218 217
219 211
219 218
220 218
221 220
222 220
222 221
223 222
224 211
224 221
225 224
226 225
227 219
228 227
229 211
229 227
231 224
232 231
233 226
233 231
234 226
234 230
235 233
235 234
236 232
237 236
238 235
238 237
239 236
240 236
240 237
240 239
241 238
241 240
242 238
242 241
243 230
244 230
244 243
245 29
245 229
245 230
246 245
247 246
248 247
250 247
250 249
251 246
252 251
253 250
253 252
254 244
255 254
256 253
257 256
258 256
259 256
259 258
260 258
261 259
261 260
262 259
263 262
264 262
264 263
265 263
266 264
266 265
267 265
268 267
269 268
270 269
271 199
273 272
277 276
278 277
279 277
280 270
280 271
281 280
282 281
283 185
283 186
283 195
283 204
284 264
284 266
285 284
286 285
287 267
287 286
288 276
288 287
289 273
289 274
289 288
290 28
290 268
290 288
291 271
291 282
291 290
292 199
292 271
292 291
293 272
293 292
294 271
294 292
294 293
295 201
296 199
296 295
298 295
299 203
299 298
300 116
300 203
300 299
301 157
301 161
301 299
301 300
302 296
302 297
302 298
303 199
303 296
303 297
304 161
304 302
305 159
305 304
306 160
306 305
307 306
308 155
308 307
309 156
309 308
309 309
310 157
310 309
311 144
311 149
311 310
312 311
313 308
314 313
315 314
316 315
317 313
317 316
318 312
318 313
318 317
319 307
319 318
320 307
320 319
321 306
321 320
322 321
323 321
323 322
324 305
324 323
325 304
325 324
326 297
326 325
327 322
327 325
327 326
328 297
328 326
329 294
329 303
329 328
330 272
330 329
331 328
331 330
332 327
332 331
333 325
333 332
334 324
334 333
335 322
335 334
336 319
336 321
336 335
338 316
338 317
338 337
339 338
340 316
340 339
341 340
342 339
342 341
343 339
343 342
344 337
344 343
345 336
345 337
346 335
346 345
347 334
347 346
348 333
348 347
349 348
350 347
350 349
351 344
351 346
351 350
352 350
353 352
354 332
354 349
354 353
355 331
355 354
356 355
357 273
357 330
357 356
359 341
359 358
360 359
360 360
361 342
361 360
362 343
362 361
363 344
364 351
364 352
365 363
365 364
366 353
366 365
367 365
368 367
369 363
370 369
371 370
372 362
372 367
372 369
372 371
373 360
373 361
373 372
374 371
374 373
375 359
375 373
375 374
376 371
376 374
376 375
377 358
377 376
378 376
379 371
379 378
380 379
381 378
382 380
382 381
383 381
384 382
384 383
385 384
386 380
386 382
386 385
387 370
387 380
387 386
388 386
388 387
390 385
390 389
391 390
392 391
393 383
393 392
394 393
394 394
395 394
396 395
397 395
398 392
398 397
399 391
399 398
400 390
400 399
401 396
401 397
402 398
402 401
403 399
403 402
404 400
404 403
405 389
405 404
406 396
407 401
407 406
408 402
408 407
409 403
409 404
410 408
410 409
411 405
411 410
412 410
412 411
414 406
414 413
415 407
415 414
416 408
416 415
417 410
417 416
418 412
418 417
419 413
420 419
421 420
422 419
422 421
423 422
424 423
425 417
425 418
425 423
426 421
426 422
427 422
427 426
428 424
428 427
429 424
430 425
430 429
431 428
431 429
432 430
432 431
433 426
434 433
435 427
435 434
436 435
437 428
437 436
438 431
438 437
439 438
440 438
441 437
441 440
442 433
442 434
443 442
444 443
444 444
445 443
446 444
446 445
447 446
448 447
450 448
450 449
451 446
451 450
452 451
453 436
453 452
454 441
454 453
455 440
455 454
456 449
457 450
457 453
457 456
458 452
459 453
460 454
460 459
461 455
462 456
463 457
463 462
464 451
464 463
465 458
466 458
466 465
467 459
467 466
468 467
469 460
469 468
470 461
470 469
471 462
472 471
473 472
474 473
475 474
476 473
476 475
477 463
477 472
478 476
479 463
479 478
480 464
480 479
481 478
482 475
482 481
483 480
483 481
484 464
484 465
485 480
485 484
486 465
486 485
487 466
487 486
488 487
489 483
489 488
490 466
491 490
492 491
493 482
494 493
495 483
495 493
496 495
497 496
498 496
498 497
499 489
499 498
500 488
501 497
501 499
502 501
503 50
503 499
503 500
503 502
504 502
505 500
505 504
506 504
507 505
507 506
508 507
509 505
509 508
510 509
511 508
511 509
511 510
512 500
512 510
513 507
514 511
514 513
515 514
516 513
516 515
517 516
518 515
518 517
519 517
520 518
520 519
521 520
522 521
523 512
523 522
524 522
525 523
526 524
526 525
527 525
527 526
528 512
528 527
529 488
529 492
529 527
529 528
530 529
531 492
531 530
532 526
532 530
533 531
533 532
534 468
534 531
534 533
535 469
535 534
536 533
536 535
537 532
537 536
538 521
538 524
538 537
539 521
539 537
540 520
540 539
541 519
541 520
541 540
542 541
543 542
544 543
545 544
546 544
547 540
547 546
548 539
549 470
549 548
550 461
550 549
551 455
551 550
552 550
553 552
554 546
554 553
555 553
555 554
556 555
557 545
558 546
558 556
558 557
559 557
560 559
561 556
561 560
562 555
562 561
563 552
563 553
563 562
564 551
564 552
565 432
565 551
565 564
566 565
567 432
567 565
568 567
569 567
569 568
570 569
571 570
572 570
572 571
573 572
574 573
575 570
576 575
577 569
577 576
578 568
578 577
579 418
579 577
579 578
580 412
580 579
581 578
581 579
581 580
582 577
583 576
583 582
584 583
585 584
586 581
586 585
587 581
587 586
588 411
588 587
589 588
590 585
590 589
591 590
592 589
592 591
593 405
593 588
593 592
594 388
594 389
594 593
595 594
596 388
596 593
596 595
597 368
597 370
597 596
598 368
598 596
598 597
599 595
599 598
600 599
601 600
602 592
602 595
603 591
603 601
603 602
604 603
605 601
605 604
606 605
607 604
608 591
608 604
609 510
609 607
609 608
610 609
611 607
611 610
612 610
613 611
613 612
614 606
614 607
615 366
615 600
615 601
616 606
616 615
617 355
617 366
617 616
618 614
618 616
619 356
619 618
620 619
621 356
621 620
622 273
622 621
623 620
623 622
624 623
625 291
625 622
625 624
626 624
627 625
628 626
628 627
629 277
629 628
630 278
630 629
631 278
631 286
632 285
632 631
633 632
634 633
635 262
635 634
636 261
636 635
637 636
638 637
639 638
640 260
640 638
640 639
641 639
641 640
642 252
642 641
643 642
644 643
645 644
646 645
647 635
647 637
647 646
648 637
648 643
648 644
648 646
649 646
650 634
650 649
651 633
651 650
652 632
652 651
653 649
653 651
654 652
654 653
655 626
655 630
655 654
656 655
657 644
657 645
658 624
658 656
659 653
659 656
660 649
660 659
662 645
662 661
663 657
663 662
664 614
664 623
665 613
665 664
666 665
667 658
667 665
668 664
669 667
669 668
670 656
670 668
671 669
672 659
672 670
672 671
673 659
673 660
673 671
673 672
674 673
675 674
676 671
676 674
676 675
677 660
677 674
677 675
678 660
678 677
679 645
679 660
679 678
680 661
680 677
680 678
680 679
681 676
682 681
683 671
683 682
684 671
684 683
685 684
686 685
687 669
687 686
688 687
689 666
689 667
689 688
690 686
690 688
691 685
692 684
692 691
693 682
693 692
694 681
694 693
695 666
696 610
697 696
698 695
698 696
699 698
700 694
701 691
702 700
702 701
704 703
705 703
705 704
706 705
707 699
707 704
707 706
708 707
709 708
710 708
710 709
711 706
711 710
712 710
712 711
713 709
713 712
714 697
714 699
714 709
715 609
716 697
716 715
717 591
717 608
717 715
718 716
718 717
719 718
720 590
720 719
721 585
721 720
721 721
722 713
722 719
722 721
723 584
723 713
723 722
724 723
725 713
725 722
725 724
726 702
726 703
727 726
728 705
729 728
730 728
730 729
731 727
732 724
733 574
733 724
733 725
733 732
734 574
734 575
734 732
735 573
735 712
735 733
736 735
737 729
737 731
737 736
738 727
738 731
739 738
740 739
742 741
743 560
743 742
744 743
745 572
745 573
745 736
745 744
746 571
746 744
746 745
746 746
747 742
747 743
748 741
749 748
750 749
751 750
752 750
753 751
753 752
754 753
755 749
755 752
755 754
756 747
756 755
757 756
758 756
759 757
759 758
760 758
761 747
761 760
762 562
762 761
763 559
763 762
764 760
765 542
765 545
765 764
766 661
766 662
766 680
767 766
768 767
769 663
769 768
770 644
770 769
771 768
772 771
773 771
773 772
774 772
775 774
776 775
777 769
778 777
779 778
780 770
780 779
781 780
782 643
782 781
783 782
784 781
784 783
785 778
786 680
786 785
787 776
787 777
787 786
788 786
790 788
790 789
791 785
791 790
792 779
792 791
793 784
793 792
794 243
794 254
794 793
795 789
795 794
796 242
796 243
796 795
797 788
797 789
798 797
799 798
800 240
800 799
801 240
801 241
801 800
802 241
802 795
802 798
802 801
803 776
803 787
803 799
804 8
805 14
806 251
806 642
806 783
807 254
807 784
808 634
809 284
809 633
810 265
810 282
810 283
811 266
811 267
811 285
812 274
812 625
813 274
813 627
813 812
814 279
814 627
814 813
815 279
815 627
815 814
816 275
816 276
816 279
817 435
817 445
817 452
818 465
818 466
818 486
819 467
819 490
819 491
820 470
820 536
820 537
820 548
821 543
821 547
822 563
822 570
822 571
822 572
823 425
823 568
823 579
824 748
824 751
824 754
825 581
825 582
825 584
825 586
825 695
826 612
826 666
827 690
827 701
827 704
828 0
