14 1
25 24
33 28
47 0
48 23
49 37
51 11
54 51
58 44
62 37
63 9
63 31
70 18
70 19
74 57
74 61
79 17
85 41
87 30
95 92
96 58
98 74
99 55
106 105
108 83
114 76
119 43
120 38
122 78
124 26
127 69
131 30
141 93
141 135
142 141
150 25
150 74
151 27
151 149
153 15
154 60
157 152
161 27
163 81
164 147
165 103
167 124
167 142
168 13
170 16
173 2
174 36
177 108
177 162
178 168
179 80
181 172
183 160
186 133
188 15
188 163
189 126
189 176
193 32
193 165
194 38
199 39
199 139
199 183
201 67
203 120
205 163
207 104
211 156
211 175
212 50
212 171
213 54
213 180
215 197
216 121
218 11
218 172
220 215
221 63
222 91
224 106
224 190
226 172
227 116
229 190
230 79
232 26
232 98
233 191
233 211
234 12
234 199
234 222
236 92
236 98
239 35
239 42
240 189
241 130
241 153
242 62
244 173
245 177
246 112
247 71
248 61
251 44
252 54
253 202
254 43
256 76
256 144
256 190
256 201
258 188
259 69
259 110
260 10
263 21
264 185
265 80
265 207
266 150
267 20
267 126
267 162
268 128
272 137
274 109
275 245
277 129
277 143
278 104
279 100
279 164
280 40
281 15
281 163
283 59
284 108
284 200
285 242
288 148
288 254
290 60
290 131
290 150
291 34
291 52
292 226
293 29
294 198
294 201
295 126
295 182
296 186
296 190
297 62
297 171
299 237
300 118
301 159
301 185
302 228
303 154
303 206
304 90
305 139
306 45
306 176
307 107
308 283
309 97
309 100
309 192
309 292
310 123
310 164
311 307
312 138
312 262
313 238
317 16
318 35
319 198
320 31
321 73
321 176
321 295
322 199
323 55
324 78
324 145
324 168
325 76
325 134
325 240
327 220
329 34
330 126
330 190
331 121
331 268
332 325
333 10
333 13
333 212
333 284
334 24
334 274
335 1
335 81
335 305
336 137
336 336
338 34
338 265
339 41
339 88
339 115
340 305
340 308
340 322
341 55
341 243
343 39
343 191
343 222
343 322
344 61
346 265
347 84
347 249
348 80
348 197
349 83
350 22
350 117
353 182
354 299
355 283
356 111
357 2
359 115
361 116
361 203
361 299
362 119
362 356
363 148
364 218
365 360
366 252
367 44
368 346
370 53
370 84
371 181
372 102
373 21
373 188
374 224
375 371
376 23
376 100
377 60
377 360
379 134
379 145
379 171
380 175
380 187
381 198
381 318
383 217
383 330
384 146
384 243
384 282
387 102
387 344
388 118
388 221
388 381
389 140
390 146
390 329
391 332
392 28
392 328
392 387
393 380
394 79
394 155
394 176
394 375
395 112
397 12
398 236
401 97
402 73
402 94
403 400
404 17
404 82
404 107
404 291
405 94
406 125
407 66
407 302
407 338
408 75
408 169
408 282
409 219
410 104
410 122
410 311
411 20
411 148
411 240
412 23
412 77
412 203
413 212
414 7
414 345
415 329
416 316
417 84
417 117
418 68
418 101
418 266
419 403
420 316
421 409
423 349
423 399
424 264
425 50
425 127
425 398
426 318
426 351
426 388
426 420
427 49
427 128
427 366
428 208
428 276
429 219
429 416
430 316
430 360
431 79
431 93
432 111
432 319
432 374
433 88
433 103
433 396
434 152
434 194
434 300
435 86
436 189
436 342
438 246
440 87
440 157
441 114
442 345
442 425
443 130
443 154
444 95
444 155
444 327
445 143
445 398
446 247
446 366
447 245
447 353
448 189
448 302
449 287
450 263
450 405
450 441
451 402
451 437
452 3
452 146
453 40
453 362
453 373
453 422
454 15
454 58
455 130
455 166
455 303
456 262
456 283
457 194
457 236
457 308
458 393
459 401
459 403
460 272
460 371
460 438
461 254
461 354
462 186
463 206
463 269
463 271
464 280
465 74
465 113
466 282
466 436
467 428
467 444
469 101
469 349
470 195
471 1
472 102
472 342
473 10
473 319
474 149
474 438
475 207
475 285
476 289
476 313
477 285
478 7
478 290
480 14
480 125
480 144
481 110
481 253
481 365
482 119
482 181
482 373
483 337
484 454
485 129
485 403
486 438
486 464
487 82
487 271
487 351
488 37
488 171
488 355
489 229
490 39
490 64
491 41
491 276
492 183
492 268
493 235
495 103
495 143
496 283
496 458
497 5
497 476
498 19
498 91
498 174
499 211
499 354
499 361
500 130
500 347
502 351
502 352
502 475
503 231
503 422
504 331
505 479
506 389
507 4
507 329
507 330
508 19
508 81
508 225
509 174
509 231
510 99
510 149
510 401
511 365
512 400
512 472
513 65
513 257
513 414
514 111
515 63
515 229
516 12
516 185
517 359
518 297
518 309
519 355
519 478
520 78
520 240
520 411
521 69
521 453
522 406
523 137
523 277
523 419
524 95
524 125
525 112
525 251
526 46
526 488
526 505
527 463
528 103
528 184
529 14
529 406
530 202
531 154
531 238
531 320
532 90
532 196
532 455
533 134
533 204
533 241
533 522
534 4
534 437
535 158
535 217
536 81
536 373
537 5
537 93
537 354
537 431
537 435
538 358
538 463
539 98
539 319
540 85
540 127
540 173
541 304
541 510
541 524
542 273
542 425
542 451
543 115
543 417
544 270
545 184
545 300
546 196
546 505
547 195
547 313
547 395
548 173
548 235
548 266
549 156
549 415
549 519
550 110
550 304
550 418
551 6
551 46
551 466
552 260
552 538
553 67
553 334
553 529
555 147
557 407
558 237
558 382
559 66
559 511
560 96
560 427
561 520
562 161
562 197
562 301
563 16
563 378
564 369
564 555
565 114
565 321
565 386
566 555
567 80
567 143
567 291
568 301
568 336
568 375
569 18
569 21
569 416
569 511
570 209
570 435
570 495
571 40
571 288
572 273
572 356
572 456
573 89
573 204
573 332
574 101
574 179
575 123
575 144
575 198
576 52
576 72
576 158
577 459
578 466
579 26
579 124
579 317
580 211
580 266
580 567
581 10
581 233
581 325
581 565
582 77
582 182
583 296
583 410
583 539
584 7
584 181
584 465
585 139
585 397
586 106
586 278
586 292
587 36
587 129
587 136
588 195
588 244
589 271
589 469
589 531
590 466
591 8
591 374
592 258
592 272
592 550
593 48
593 107
593 169
593 501
594 223
594 395
594 480
595 131
595 152
595 314
595 364
596 0
596 145
596 167
597 142
597 238
597 501
597 512
598 110
598 317
598 328
598 397
599 288
600 424
600 479
600 592
601 250
601 400
601 520
601 554
602 408
602 504
603 246
603 299
603 385
603 509
604 409
604 515
604 552
605 9
605 500
606 29
606 544
606 563
607 92
607 446
607 503
608 53
608 99
608 346
609 32
609 102
609 145
609 359
610 72
610 291
610 423
611 143
611 242
611 559
612 259
612 579
612 596
613 545
614 2
614 511
615 8
615 201
615 279
616 17
616 79
616 179
616 599
617 287
617 363
618 446
618 454
618 467
619 151
619 245
620 71
620 178
621 83
621 464
622 326
622 581
622 605
623 131
623 326
623 489
624 22
624 210
624 437
624 496
625 75
625 104
625 165
625 199
626 28
626 390
626 391
627 271
627 405
627 468
627 491
628 215
628 415
628 610
629 6
629 431
630 200
630 565
631 120
631 121
631 293
632 367
632 529
632 557
633 4
633 401
633 483
634 562
634 609
634 619
635 277
635 289
635 346
636 131
636 244
636 350
637 173
637 347
637 382
638 465
638 526
639 264
640 52
640 89
640 183
640 429
641 29
642 254
642 390
642 584
643 148
643 305
643 441
644 54
644 439
644 470
645 24
645 94
645 323
645 375
645 557
646 292
646 366
646 483
647 450
647 581
648 62
648 134
648 372
649 298
649 369
649 430
649 578
650 235
650 585
651 156
651 327
651 378
651 568
652 70
652 240
652 602
653 221
653 261
653 360
653 521
654 184
654 199
654 570
655 316
655 577
655 630
656 27
656 259
656 326
657 123
657 428
657 646
658 156
658 240
659 56
659 241
659 261
659 419
659 527
660 320
660 371
660 577
660 648
661 368
662 67
662 351
662 650
663 486
663 571
664 13
664 25
665 9
665 479
666 227
666 264
666 327
666 647
667 273
667 302
667 372
667 467
668 518
669 151
669 262
669 399
669 641
670 26
670 516
670 639
671 135
671 440
671 464
671 534
672 22
672 335
672 337
672 593
673 72
673 219
673 339
673 422
674 55
674 139
674 161
675 247
675 485
675 546
676 162
676 386
676 572
677 269
677 527
677 590
677 664
678 43
678 558
679 17
679 334
679 579
679 668
680 73
680 82
680 90
680 345
680 364
681 92
681 344
681 421
682 512
682 671
683 20
683 484
683 588
684 77
684 158
684 220
684 260
685 372
685 462
685 534
686 328
686 551
687 286
687 353
687 369
688 279
689 175
689 337
689 413
690 500
690 528
690 536
691 60
691 304
692 168
692 543
692 629
693 76
693 613
693 621
694 399
694 443
694 614
695 473
695 585
695 658
696 46
696 331
697 250
697 255
697 529
698 294
698 468
699 578
699 632
699 661
700 294
700 393
701 310
701 372
701 405
702 49
702 237
702 449
703 5
703 360
703 365
704 109
704 122
704 133
704 517
705 348
705 432
705 486
706 468
706 570
707 71
707 555
707 563
707 639
708 114
708 138
708 577
709 8
709 307
709 620
709 627
710 59
710 300
710 494
710 574
711 118
711 284
711 682
712 159
712 355
712 424
712 660
713 18
713 306
713 396
713 410
713 470
714 75
714 505
714 705
715 38
715 68
715 596
716 108
716 149
716 462
717 417
717 591
717 665
718 160
718 536
718 590
719 200
719 637
720 276
720 469
721 315
721 352
721 370
722 157
722 326
722 525
723 368
723 635
723 698
724 69
724 489
724 633
725 287
725 376
725 546
726 51
726 554
726 664
727 192
727 442
727 655
728 262
728 582
728 676
729 261
729 328
729 717
730 133
730 177
731 251
731 270
732 48
732 89
732 608
733 514
733 530
733 552
733 642
734 311
734 324
734 553
735 323
735 391
735 402
735 506
736 171
736 350
737 35
737 205
737 243
738 385
738 422
738 671
739 59
739 321
740 298
741 170
741 577
742 298
742 452
742 725
743 117
743 435
743 641
743 723
744 50
744 376
744 398
745 258
745 371
745 396
746 160
746 225
746 465
746 634
746 745
747 91
747 192
747 230
747 532
748 41
748 311
748 507
749 293
749 678
749 706
750 217
750 308
750 615
751 116
751 382
751 678
752 338
752 492
752 617
753 138
753 205
753 556
754 64
754 118
754 252
755 39
755 147
755 314
755 564
756 278
756 307
756 451
756 470
757 6
757 64
758 250
758 504
758 721
759 363
759 656
760 376
761 213
761 322
762 191
762 556
762 638
763 604
763 613
764 206
764 733
765 179
765 382
765 539
766 187
766 303
766 332
766 421
767 169
767 286
768 86
768 477
768 493
769 357
769 386
769 579
769 591
770 155
770 286
771 11
771 386
771 731
772 113
772 422
773 313
773 688
774 85
774 594
775 745
775 761
776 344
776 680
777 280
777 484
777 499
778 113
778 230
778 614
779 128
779 359
779 673
780 150
780 342
781 238
781 622
782 226
782 352
782 389
783 30
783 231
783 591
784 157
784 380
784 437
784 665
785 93
785 306
785 503
786 14
786 289
786 315
786 661
787 230
787 517
787 590
787 663
788 95
788 132
788 736
789 253
789 357
789 662
790 86
790 561
790 686
791 317
791 318
791 457
792 125
792 296
792 722
793 29
793 668
793 772
794 285
794 387
794 643
794 691
795 66
795 214
795 227
795 586
796 383
796 471
796 607
797 19
797 509
797 514
798 53
798 466
798 677
799 458
799 522
799 571
800 78
800 224
800 781
801 68
801 112
801 297
801 541
802 501
802 527
802 625
802 721
803 483
803 599
803 722
804 164
805 370
806 493
806 573
806 644
807 497
807 760
808 521
809 3
809 385
810 96
810 271
810 554
811 50
811 115
811 445
812 292
812 358
812 378
813 28
813 243
813 341
813 530
814 159
814 273
814 561
814 719
815 342
815 560
815 644
816 157
816 161
816 386
817 152
817 461
817 660
818 103
818 544
818 572
819 97
819 367
819 720
820 207
820 274
820 724
820 760
821 31
821 674
822 452
822 688
822 770
822 780
823 187
823 399
823 578
824 72
824 374
824 556
825 267
825 412
825 490
825 535
825 540
826 356
826 623
827 263
827 588
827 696
828 776
