22 10
23 14
70 66
74 29
79 33
81 73
83 59
84 58
89 14
94 1
95 31
95 55
97 89
101 26
101 60
102 43
104 77
109 40
110 4
110 63
115 108
119 28
119 115
120 32
121 78
122 93
123 107
124 69
125 120
129 104
130 51
133 131
134 34
135 9
143 41
145 96
146 145
149 46
150 64
152 136
154 18
155 44
156 55
157 148
160 43
161 37
161 61
161 80
164 103
165 73
166 114
168 22
169 98
171 168
172 29
172 86
173 8
173 161
176 78
177 140
177 144
177 168
179 4
179 62
184 44
184 67
186 6
186 151
188 148
189 99
189 165
190 125
190 188
191 37
191 145
192 189
195 175
199 40
201 20
201 77
203 82
203 107
205 41
207 79
208 12
209 84
211 143
211 162
212 211
213 200
215 202
222 8
222 12
224 23
224 96
224 197
225 92
225 155
226 19
229 170
235 60
237 159
238 87
238 102
241 72
241 164
242 131
243 104
244 92
244 117
245 156
245 173
248 15
250 30
252 27
252 66
252 143
253 41
254 187
254 200
258 185
260 138
260 141
262 116
262 184
263 71
263 97
265 44
265 224
265 241
266 85
267 111
267 177
268 35
268 151
271 141
272 68
273 52
273 90
274 14
276 54
277 137
280 137
281 113
282 91
282 163
283 124
283 175
284 29
284 278
285 120
286 100
287 164
288 149
290 51
290 98
291 36
291 63
292 153
292 186
293 62
294 103
294 158
296 113
297 56
298 221
298 271
299 198
299 242
300 178
302 236
304 25
306 13
307 216
308 195
309 199
309 289
310 206
310 272
311 112
311 230
313 153
314 100
314 142
315 232
315 296
318 3
318 283
319 81
320 82
321 16
321 114
322 39
322 289
323 236
324 116
324 181
326 80
327 182
327 295
328 163
329 102
329 195
329 214
330 102
330 152
331 251
332 188
333 162
334 89
334 105
334 147
335 86
335 135
336 277
338 24
338 201
338 309
339 39
339 273
340 5
340 134
340 296
342 72
342 95
343 67
343 160
344 159
344 286
346 133
346 240
348 275
349 83
349 290
350 297
351 320
352 156
353 27
353 300
354 11
354 189
354 211
355 67
355 346
356 325
357 101
357 212
357 254
359 201
359 331
360 109
361 202
361 285
362 194
364 274
366 50
366 335
367 81
367 181
367 303
368 79
368 264
369 30
369 138
370 112
370 241
370 285
371 294
371 369
372 330
373 316
373 372
374 171
374 327
375 65
375 193
376 75
376 335
378 70
378 167
379 128
380 39
380 338
381 148
381 283
382 268
382 270
383 93
384 365
385 88
385 303
386 235
387 353
388 194
388 287
389 190
390 358
391 60
392 26
392 43
393 289
395 300
398 240
399 11
400 139
400 189
400 390
402 42
402 311
403 236
403 245
404 336
404 380
405 192
405 305
405 317
406 14
407 387
408 16
408 243
408 363
409 246
409 291
409 296
410 96
410 386
411 46
411 157
412 172
414 256
415 54
416 58
416 113
416 264
417 29
417 51
417 110
417 157
418 131
418 158
418 194
418 350
419 90
420 150
421 331
422 176
422 187
423 192
423 271
424 115
425 286
426 99
426 282
427 149
428 12
428 292
428 372
428 410
429 38
429 128
429 351
430 360
430 419
431 5
431 159
431 271
432 235
433 110
434 246
435 284
437 227
438 219
438 258
441 47
442 319
443 204
443 259
443 283
444 31
444 108
445 371
445 401
446 85
446 158
446 213
448 112
448 406
449 5
449 150
450 351
450 365
450 392
451 137
451 394
452 74
452 78
452 92
453 93
453 160
453 395
454 9
454 183
454 241
455 63
455 303
456 69
456 385
457 261
457 313
458 19
458 171
459 130
459 404
461 72
461 179
462 363
463 7
463 174
463 233
463 253
463 460
465 217
465 240
465 295
466 297
466 306
466 381
467 253
467 319
467 326
468 196
469 199
469 466
470 384
470 427
471 87
472 15
472 309
473 15
474 131
474 207
475 163
476 317
476 332
476 396
477 54
477 217
478 332
478 435
478 457
479 345
479 350
479 355
480 325
480 375
481 206
481 450
482 157
483 311
483 404
483 455
484 242
484 437
485 83
485 306
486 36
486 71
486 402
487 386
488 54
488 212
488 307
488 365
489 399
489 457
490 153
490 356
491 17
491 198
492 347
493 382
493 492
494 396
495 40
495 427
495 455
496 15
496 261
497 227
497 379
498 25
498 49
499 18
499 415
499 466
500 2
500 127
500 368
501 426
502 434
503 72
503 218
503 352
504 204
505 220
505 233
506 124
507 62
507 218
507 406
507 441
508 399
508 446
509 22
509 395
509 490
510 126
510 333
510 350
511 121
511 176
511 256
511 397
512 246
512 266
512 382
513 276
513 503
514 21
514 34
515 116
515 229
516 267
516 302
517 198
517 247
518 317
518 435
519 199
520 231
520 300
520 341
520 363
520 464
521 152
521 482
521 502
522 79
523 61
523 126
524 401
525 25
525 273
525 408
526 219
526 330
527 91
527 299
527 387
528 74
528 304
528 440
529 74
529 256
529 304
529 496
530 10
530 432
531 344
531 394
532 148
532 254
532 256
532 422
533 365
533 459
534 111
535 279
535 292
535 389
536 24
536 223
536 349
536 364
537 144
537 165
537 301
538 422
539 28
539 355
539 413
540 52
540 267
540 480
541 64
541 100
541 234
541 537
542 123
542 234
542 393
543 425
544 176
544 423
544 498
545 80
545 207
545 217
546 53
546 374
546 398
547 324
548 487
549 265
549 425
550 295
550 310
551 393
551 436
552 17
552 86
552 193
553 182
553 215
553 501
554 106
554 284
554 517
555 299
555 302
556 48
556 524
557 485
558 144
559 82
559 534
560 1
560 410
561 174
561 346
561 548
562 134
562 482
563 55
563 62
563 178
563 348
564 16
565 305
565 323
565 366
566 240
567 175
567 279
567 527
568 551
569 13
570 157
570 303
570 394
570 439
571 228
572 329
572 412
573 388
573 470
574 306
574 473
575 325
575 373
575 442
576 39
576 255
576 444
577 32
577 85
577 92
577 567
578 49
578 383
578 550
579 200
579 468
580 231
581 264
581 343
581 543
581 578
582 123
582 325
582 564
583 121
583 127
584 398
584 569
585 154
585 333
586 375
586 558
587 401
587 412
587 454
588 317
588 343
589 66
589 487
590 142
590 147
591 312
591 414
591 508
592 305
592 437
592 440
593 19
593 151
593 203
593 232
593 308
594 69
594 74
595 199
595 433
596 4
596 6
596 420
596 581
596 589
597 9
597 526
598 103
598 221
598 266
598 579
599 1
599 84
599 500
600 75
600 212
601 58
601 129
601 321
601 403
602 171
602 390
602 506
603 447
604 188
604 571
604 591
605 143
605 180
605 588
606 199
606 513
606 530
607 377
607 518
608 118
608 538
608 607
609 90
609 183
609 244
610 239
610 458
611 279
611 501
611 579
612 524
613 17
613 424
614 24
614 163
614 549
615 147
615 258
615 444
615 584
616 75
616 210
616 240
616 493
617 595
618 285
618 288
619 185
619 308
619 337
620 370
620 376
621 111
621 407
622 76
622 336
622 425
623 112
623 372
623 398
624 2
624 230
624 257
624 557
625 126
625 206
625 264
625 278
625 588
626 229
626 325
626 394
627 59
627 117
627 431
628 139
628 344
629 149
629 173
629 620
630 143
630 475
630 531
631 130
631 293
631 531
632 18
632 154
632 577
632 579
633 313
633 534
634 38
634 538
634 559
635 52
635 336
636 581
637 287
637 386
637 412
637 573
638 7
638 146
639 107
639 529
640 304
640 391
640 568
641 291
641 301
641 639
642 118
642 341
642 572
643 181
643 460
643 519
643 600
644 132
644 339
644 617
645 138
645 220
645 342
646 451
646 521
647 141
647 168
647 515
648 53
648 152
648 468
649 88
649 333
649 421
649 633
650 10
650 53
651 534
651 560
651 590
652 281
652 334
652 390
653 114
653 171
653 543
654 21
654 288
654 337
655 131
655 251
655 262
655 396
656 238
656 240
656 384
656 612
657 70
657 461
658 57
658 128
658 489
659 183
659 356
659 512
659 547
659 571
660 179
660 221
660 320
660 419
660 586
660 590
661 69
661 290
661 491
662 237
662 276
662 397
662 486
663 190
663 579
663 638
664 50
665 185
665 259
665 318
665 546
666 55
666 63
666 236
666 250
667 117
667 226
667 522
668 322
668 378
668 614
669 37
669 618
669 640
670 230
670 345
670 635
671 61
671 104
671 270
671 447
672 481
672 622
673 93
673 504
674 440
674 505
674 648
675 219
675 227
675 269
676 218
676 411
676 551
677 26
677 41
677 555
677 612
678 220
678 230
678 469
678 499
679 0
679 127
679 645
680 103
680 294
680 359
680 505
680 664
681 164
681 243
681 480
682 30
682 332
683 68
683 469
684 205
684 585
684 634
685 402
685 594
685 636
686 407
686 617
687 432
688 68
688 366
688 388
689 239
689 245
689 356
690 291
690 380
690 646
691 323
691 669
691 674
692 133
692 205
692 672
693 360
693 526
694 97
694 259
694 492
695 50
695 238
695 374
696 142
696 318
696 376
697 23
697 436
697 516
698 564
698 628
699 76
699 125
700 231
701 114
701 676
702 280
702 358
702 438
703 301
703 377
703 682
704 471
704 650
705 95
705 250
705 700
706 558
706 672
707 154
707 298
707 328
708 261
708 360
708 466
709 162
709 326
709 379
709 389
710 211
710 426
710 442
710 610
711 627
711 699
712 134
712 361
712 693
713 372
713 603
713 664
713 673
714 316
714 430
715 337
715 497
716 222
716 274
716 523
717 122
717 373
717 686
718 352
718 636
719 319
720 190
720 677
721 129
721 307
721 324
721 539
721 706
722 20
722 77
722 288
722 316
722 514
723 139
723 167
723 174
724 371
724 467
724 597
725 11
725 453
725 711
726 362
726 537
726 718
727 150
727 386
727 608
728 680
728 719
729 49
729 565
729 571
730 0
730 145
731 364
731 705
732 621
732 728
733 139
733 322
733 572
734 103
734 259
734 687
735 19
735 196
735 405
735 464
736 309
736 580
736 623
737 313
737 347
737 719
738 445
738 565
738 597
739 714
739 715
740 720
741 233
741 305
742 308
742 407
742 552
743 266
743 341
743 550
743 673
744 354
744 464
744 595
745 45
745 376
745 456
745 470
745 540
746 7
746 34
746 712
747 126
747 170
747 331
748 118
748 146
748 391
749 169
749 328
750 94
750 425
750 651
751 293
751 473
751 533
752 10
752 533
752 723
753 98
753 635
753 698
754 80
754 155
755 76
755 326
755 562
755 568
756 98
756 351
756 383
757 81
758 106
758 345
758 475
759 414
759 583
760 316
760 348
761 422
761 427
761 757
762 436
762 585
762 717
763 272
763 746
764 302
764 731
765 183
765 347
765 504
766 198
766 452
766 580
766 687
767 20
767 510
768 387
768 462
768 667
769 3
769 26
769 46
769 570
770 249
770 484
770 644
771 130
771 707
771 746
772 50
772 607
772 733
773 17
773 277
774 118
774 553
775 13
775 247
776 59
776 156
776 592
777 410
777 460
777 502
778 181
778 569
778 747
779 108
779 603
779 733
780 251
780 438
780 441
781 213
781 509
781 562
782 71
782 362
782 584
783 48
783 99
783 199
784 280
784 361
784 434
784 633
785 76
785 125
785 609
786 28
786 151
786 271
786 415
787 8
787 197
787 360
787 701
788 150
788 397
788 642
789 301
789 435
789 594
790 279
790 586
790 644
791 27
791 167
791 548
792 35
792 73
792 328
793 433
793 453
793 671
794 38
794 207
794 247
794 627
795 106
795 234
795 347
795 465
796 403
796 556
796 760
797 31
797 243
797 424
798 197
798 591
798 673
799 215
799 432
799 437
800 78
800 237
800 657
801 6
801 21
801 35
801 399
802 557
802 568
802 572
802 749
803 108
803 401
803 704
804 462
805 413
806 278
806 421
806 604
807 574
807 724
808 94
809 307
809 683
810 64
810 115
810 321
811 292
811 679
811 725
812 173
812 359
812 613
813 191
813 321
813 555
813 610
814 48
814 327
814 732
815 464
815 483
815 609
816 119
816 226
816 519
817 28
817 169
817 269
818 91
818 339
818 684
819 297
819 451
819 645
820 2
820 277
820 312
820 547
821 260
821 371
822 262
822 373
822 411
822 664
823 122
823 465
823 573
824 263
824 756
824 814
825 182
825 187
825 342
825 671
825 754
826 569
826 646
827 60
827 653
827 704
828 472
